400
11 3
6 23 2 22 11 8 9 2 5 21 27
17 7
29 30 26 25 25 7 14 14 5 28 2 7 8 4 10 11 12
15 13
5 17 2 27 11 5 3 11 18 18 7 21 8 23 29
7 0
11 5 27 6 15 20 16
8 4
17 19 8 26 23 29 24 22
17 16
4 20 13 13 22 24 23 23 29 6 4 14 7 25 2 7 12
20 1
14 29 14 5 24 20 1 7 10 30 26 3 13 6 7 10 15 16 29 18
14 8
8 10 15 9 7 27 10 8 22 26 7 15 21 20
3 2
15 25 16
14 6
24 20 28 13 6 11 18 25 26 12 18 12 2 16
4 1
3 2 26 17
12 11
10 15 6 9 18 3 25 10 26 24 7 29
2 1
7 13
4 2
1 18 9 14
11 9
28 3 22 29 17 30 6 15 4 20 21
5 3
26 29 18 15 6
4 1
23 24 29 16
9 6
4 7 12 19 12 28 1 5 15
15 11
26 15 29 23 16 4 26 2 18 16 18 27 24 29 18
11 5
15 6 15 8 6 19 1 11 18 30 26
11 3
15 21 19 14 24 14 2 21 4 12 19
18 12
25 27 5 1 24 26 17 9 4 14 11 25 5 6 6 11 13 23
3 2
19 21 7
20 15
20 26 10 26 21 18 9 15 28 26 29 14 17 12 1 26 13 2 5 6
18 3
8 16 22 16 6 9 11 21 21 22 12 3 9 24 16 27 21 16
15 9
22 22 2 22 11 27 19 25 24 13 3 30 6 17 2
5 3
21 11 18 17 19
3 0
8 7 26
9 5
6 9 28 30 5 6 30 28 10
18 10
28 14 25 10 11 24 24 26 11 29 14 18 15 19 5 24 22 18
14 13
11 15 23 19 27 17 11 16 9 6 8 20 3 6
6 0
4 1 17 16 20 11
20 6
23 10 14 20 26 7 1 27 21 7 21 15 12 10 19 26 30 12 13 22
5 1
21 18 14 9 7
7 1
19 15 19 25 6 17 28
6 4
29 17 17 19 7 4
16 13
3 17 23 17 25 1 17 13 9 16 21 16 25 13 29 19
18 6
13 6 14 2 10 30 11 17 18 8 8 9 4 5 11 15 9 8
16 15
23 7 16 1 2 6 30 5 19 28 6 29 6 12 16 16
9 2
28 20 12 10 13 14 25 19 29
19 16
10 15 14 12 5 2 1 7 5 8 11 20 22 15 9 29 23 10 1
12 5
3 6 22 28 27 25 9 5 21 28 23 12
4 0
4 3 10 24
20 13
8 20 30 21 23 4 6 8 9 27 4 2 27 29 25 9 17 15 27 21
16 15
26 7 18 4 12 4 25 17 14 10 19 9 21 8 30 20
7 6
18 9 5 6 7 27 4
15 6
24 14 1 12 11 17 20 24 19 13 30 1 15 12 25
18 10
9 9 24 10 25 15 28 15 25 22 20 1 22 26 5 22 23 9
11 4
12 3 5 2 15 20 20 26 4 27 28
19 16
26 2 12 3 11 24 22 8 16 10 5 11 11 11 11 18 13 19 20
16 7
13 22 7 17 21 28 19 3 24 28 30 23 17 25 1 14
18 8
17 20 20 27 27 29 12 29 16 15 13 1 1 14 10 4 21 8
11 10
19 20 9 5 21 2 1 20 5 17 16
20 15
29 7 2 5 5 8 20 1 11 30 10 25 26 16 14 8 19 28 24 17
11 4
21 10 23 20 13 23 10 30 30 23 11
17 2
16 9 20 19 15 19 1 28 8 11 26 28 1 30 13 30 6
12 9
7 17 10 30 11 18 5 9 29 9 9 5
14 3
12 29 21 13 19 14 28 27 9 10 23 30 30 30
14 5
3 22 2 14 25 17 22 7 18 15 28 26 4 11
4 2
11 17 22 9
9 6
8 19 10 18 21 22 28 20 8
19 3
11 5 5 1 20 22 1 30 19 12 27 8 21 8 1 23 2 26 23
13 10
14 21 8 19 11 27 24 7 22 7 1 19 22
20 8
25 8 9 12 17 13 16 16 26 21 10 10 17 6 15 9 4 6 3 27
18 17
4 17 6 29 24 10 28 26 15 4 6 12 16 20 10 12 21 18
4 0
27 16 27 5
17 2
5 18 11 10 7 22 4 5 27 7 30 11 11 1 14 2 18
20 18
18 21 29 26 25 15 1 29 17 27 22 22 16 19 6 19 27 15 2 26
14 1
24 13 12 16 9 19 4 4 23 11 29 10 13 1
11 1
3 1 27 15 20 5 30 21 9 7 1
1 0
23
18 16
17 9 30 10 17 14 15 8 27 23 23 24 1 16 21 26 28 2
20 14
22 19 13 2 13 29 30 9 27 3 29 28 30 29 22 22 30 12 19 5
7 5
27 1 30 25 8 22 8
6 4
26 3 3 3 14 4
9 4
14 14 9 11 4 26 4 17 22
8 5
23 10 18 19 27 19 17 8
10 4
23 25 27 9 2 6 22 10 4 21
16 0
13 10 18 22 25 25 1 23 25 14 4 12 1 1 2 12
6 0
18 8 9 11 13 24
7 2
27 22 3 5 19 23 9
7 0
27 14 4 27 25 26 10
12 3
22 21 8 21 25 27 27 15 10 4 18 27
15 12
17 2 28 15 21 16 7 14 8 3 23 20 21 14 9
3 2
4 2 29
17 16
2 15 4 7 14 26 27 4 8 16 10 9 24 3 30 28 28
9 8
4 6 24 22 12 21 20 2 17
11 2
11 22 27 3 12 3 22 28 25 2 24
14 8
8 26 3 25 21 4 17 11 7 12 18 18 23 15
14 0
28 19 28 5 17 6 27 27 27 6 15 27 1 14
11 1
13 18 16 15 14 9 15 4 11 11 20
1 0
4
10 9
28 9 18 28 29 26 25 20 1 28
7 3
1 30 29 17 6 3 28
6 1
26 21 5 11 30 18
5 2
26 27 4 5 4
11 3
24 18 18 14 24 9 6 12 1 27 20
12 0
3 30 22 18 27 20 27 29 19 11 1 10
15 12
24 27 26 9 1 27 3 14 10 6 11 28 15 4 6
16 5
13 27 4 20 6 15 10 21 6 23 24 6 11 28 12 16
14 3
18 22 15 4 4 5 27 7 13 22 12 8 2 21
3 0
16 7 12
12 7
17 29 18 22 15 7 7 8 25 3 12 23
4 0
11 27 1 14
5 1
6 20 24 21 20
9 1
6 6 17 13 11 7 29 29 1
11 9
22 24 21 24 8 21 20 1 28 12 22
2 0
6 9
18 12
21 1 6 16 29 3 23 8 21 1 29 13 2 12 10 25 25 20
5 0
13 18 4 30 25
8 1
10 19 11 3 1 10 9 10
8 4
23 7 17 16 4 16 17 20
15 6
28 11 10 4 2 10 10 10 17 28 28 9 21 13 10
4 1
14 11 17 8
5 0
17 7 30 30 21
10 6
28 16 12 13 3 18 28 15 29 30
12 11
4 24 21 25 12 26 19 28 3 11 10 19
3 1
10 1 23
4 0
27 7 15 20
3 1
10 14 17
7 3
26 26 10 7 23 21 7
5 0
24 17 30 29 2
2 1
9 13
20 7
17 13 3 3 8 17 29 24 21 25 30 23 24 6 11 17 11 26 20 14
14 8
8 18 16 25 3 14 8 18 24 20 8 21 14 26
19 7
4 17 24 15 9 19 26 5 12 11 20 12 14 19 19 28 29 8 13
1 0
8
13 7
29 5 23 18 20 23 14 5 20 6 20 6 18
10 3
23 5 22 17 2 9 16 17 1 9
14 1
24 13 1 8 28 30 28 26 28 28 12 12 8 21
2 1
23 4
3 0
17 4 21
1 0
12
8 2
7 10 2 1 21 29 27 24
1 0
20
9 4
17 19 21 18 24 9 12 24 10
4 3
13 16 7 23
9 1
25 15 21 18 20 18 22 30 19
9 7
27 19 13 16 10 13 1 19 18
13 8
26 10 3 21 16 14 26 12 3 16 18 24 15
14 0
11 3 16 20 27 26 3 12 19 18 26 1 5 18
2 0
20 9
14 11
14 10 28 29 30 1 22 8 19 27 5 23 27 10
16 2
10 11 26 13 28 8 23 19 15 30 20 22 17 19 16 12
5 4
5 14 16 2 7
19 3
18 17 10 24 23 1 25 3 21 23 11 15 8 17 11 3 8 5 11
2 1
1 26
15 1
24 17 21 18 26 24 22 22 30 9 10 14 9 23 23
16 6
15 6 22 6 25 22 23 14 14 9 4 9 18 9 6 15
17 10
13 29 27 3 5 17 8 23 5 30 16 6 28 21 6 17 11
16 7
13 2 17 19 1 26 14 3 2 3 19 26 3 25 16 27
13 6
20 13 27 16 29 16 13 3 29 28 4 7 28
7 0
28 22 23 13 4 17 21
16 10
28 9 26 14 6 26 23 29 5 29 3 15 29 18 7 8
4 0
11 14 21 2
15 10
23 24 11 3 1 7 6 2 14 25 11 28 2 2 8
1 0
14
7 2
11 13 28 13 17 19 6
16 10
8 19 18 26 2 10 12 15 8 30 15 11 11 23 30 26
8 6
13 17 6 5 27 9 7 19
5 0
8 30 1 21 30
12 8
9 6 4 6 19 18 22 15 17 29 12 1
1 0
6
18 11
27 23 1 2 10 7 24 9 1 10 14 10 19 24 16 24 7 16
2 1
4 3
5 2
4 8 16 27 28
7 6
23 14 9 15 10 22 17
18 10
23 10 6 18 2 9 12 23 13 17 3 29 5 27 13 13 17 11
5 2
28 13 9 26 21
14 10
29 10 17 28 6 28 8 27 23 18 10 18 18 22
16 3
22 3 8 7 7 30 25 9 18 5 30 23 17 29 2 11
7 2
12 2 26 24 29 24 25
8 5
16 5 27 5 30 7 18 20
20 19
21 26 16 25 4 27 24 10 10 5 14 25 15 4 17 23 16 20 24 21
6 5
8 16 20 10 26 22
16 5
29 27 16 7 4 24 3 15 13 25 7 16 26 23 16 26
10 9
11 10 3 12 16 29 2 4 5 21
6 5
13 6 19 29 23 10
15 12
10 3 15 2 16 13 28 11 28 22 1 7 16 13 3
1 0
17
2 1
29 22
7 4
24 22 19 25 6 26 17
2 1
18 13
9 6
25 8 20 16 2 26 19 7 26
4 2
9 13 20 10
2 1
22 11
11 7
13 2 9 21 2 25 19 29 9 27 13
4 2
22 14 22 30
14 6
29 25 22 21 25 24 16 3 14 20 23 21 18 12
19 14
20 2 18 22 2 29 27 30 24 12 12 21 23 13 27 2 19 25 9
15 7
17 30 13 5 30 8 5 1 9 30 4 13 25 28 8
10 2
17 26 30 29 28 10 20 12 4 9
12 6
17 20 23 27 21 6 21 26 30 29 10 14
9 2
11 18 29 17 2 6 9 25 26
13 5
20 12 1 8 26 20 25 28 7 26 1 24 21
15 14
7 16 20 30 2 10 28 21 15 1 11 3 15 1 25
11 3
17 1 27 21 3 20 14 6 3 15 19
18 2
1 21 23 22 22 11 5 25 13 8 5 3 16 1 25 24 30 27
6 2
27 8 23 29 26 11
13 5
14 12 5 12 10 20 12 21 14 13 15 15 24
4 0
6 33 28 22
10 3
2 5 11 3 32 34 26 23 32 29
8 6
6 4 5 10 3 10 13 30
15 1
1 15 21 33 33 33 29 25 32 30 22 34 21 30 22
18 8
15 3 9 7 11 15 2 12 13 30 34 28 27 21 23 34 22 28
2 0
14 22
11 1
14 10 32 20 31 28 21 23 33 34 22
6 2
14 10 4 30 22 31
13 6
11 3 15 4 14 3 12 24 29 30 26 30 23
7 4
9 13 9 12 10 29 26
3 0
8 27 34
5 0
5 29 32 32 26
10 5
15 15 3 15 14 7 27 20 20 27
3 1
15 15 22
18 3
6 10 14 5 24 20 24 33 23 31 20 29 33 23 27 34 33 22
3 0
7 26 34
18 1
3 7 27 32 30 34 30 29 31 31 22 34 32 32 22 34 28 22
12 11
2 13 8 2 10 7 11 10 15 13 3 4
8 7
2 15 1 4 8 12 6 5
14 10
12 1 8 2 7 10 8 5 12 9 9 30 33 22
14 4
2 9 15 2 11 32 31 28 31 28 26 33 25 24
4 1
2 14 32 21
4 1
6 10 29 26
13 0
12 30 29 33 33 21 29 20 32 22 28 26 21
2 0
14 34
12 0
9 24 22 20 25 27 29 31 23 22 23 27
2 0
1 34
17 9
12 11 4 9 7 10 1 7 3 4 34 30 32 33 31 27 22
19 10
1 3 15 9 9 3 4 3 15 4 15 22 32 22 27 28 21 33 21
2 0
14 31
10 0
9 26 28 32 30 22 33 33 21 27
11 8
6 5 3 15 13 8 11 14 5 27 30
17 7
5 1 7 3 4 2 3 11 23 31 24 20 34 31 27 33 22
13 6
14 3 12 7 6 12 2 26 25 31 31 24 34
9 5
4 1 3 12 5 10 23 31 29
17 1
6 9 22 26 24 25 32 23 22 34 20 27 28 34 23 24 29
4 0
4 26 27 29
11 8
3 5 7 14 5 14 2 15 1 21 31
2 1
14 13
12 9
8 5 6 6 3 7 11 2 9 7 31 25
12 7
4 10 12 2 15 1 3 4 27 33 23 22
20 4
12 5 4 4 14 20 31 24 31 28 22 26 34 24 32 27 34 27 27 27
7 2
12 7 1 33 20 26 30
4 1
4 4 28 23
20 15
3 14 2 14 11 10 9 6 6 13 11 4 4 10 2 4 27 27 32 31
15 7
2 5 1 12 9 1 11 5 29 20 25 33 20 31 29
5 1
4 5 20 29 26
11 5
9 3 6 5 10 11 29 20 23 22 31
5 1
8 8 34 25 21
1 0
5
12 0
6 22 30 20 25 21 27 33 21 28 30 27
4 3
5 6 3 10
7 3
2 5 10 9 20 34 28
5 3
11 13 15 10 26
4 3
10 2 9 3
20 12
12 2 7 9 9 3 2 6 4 4 2 9 15 22 29 23 34 30 29 26
5 0
8 21 20 30 24
14 12
15 9 4 14 14 6 12 2 13 15 5 8 2 20
7 1
1 7 22 21 32 25 27
8 3
6 7 12 1 21 22 34 24
2 0
4 27
6 3
7 15 2 9 26 33
20 12
14 11 13 8 15 8 14 2 10 15 2 13 5 29 33 21 30 34 30 26
6 4
9 13 4 14 11 31
7 6
12 8 5 9 1 1 14
20 13
14 12 4 5 4 2 7 14 7 1 8 13 8 3 32 26 24 32 30 27
7 6
2 12 2 5 10 6 1
2 1
4 15
2 0
15 29
3 2
9 4 7
18 13
15 3 10 1 7 7 14 14 12 5 15 10 2 13 28 31 22 23
17 9
2 7 9 3 3 1 11 1 1 15 29 22 24 20 26 30 30
17 15
2 1 10 9 9 3 10 7 9 10 10 2 1 12 6 4 25
18 11
13 14 1 13 4 3 11 1 9 12 9 14 28 31 23 23 27 27
11 5
1 12 4 8 10 9 28 34 21 21 21
7 5
11 8 5 9 14 15 32
9 2
1 9 15 22 25 26 29 26 25
12 5
7 13 11 2 6 5 21 24 25 33 33 25
18 9
11 4 12 14 3 7 2 5 6 12 28 33 31 22 20 32 23 28
11 10
9 9 1 1 3 9 10 9 3 9 8
4 0
2 24 24 26
20 13
10 13 10 15 5 12 9 9 9 13 13 4 7 13 22 21 22 31 28 27
7 0
1 29 23 27 25 26 20
13 10
14 13 3 8 8 4 11 11 1 7 14 23 26
18 4
9 7 12 9 2 31 31 25 23 21 20 27 22 29 28 26 20 20
2 0
13 29
13 6
15 14 11 9 3 12 1 24 34 31 23 30 32
15 7
10 9 1 7 4 11 13 8 22 22 28 20 20 22 20
4 3
1 14 14 12
20 6
9 9 2 13 14 7 10 28 30 22 25 30 31 26 26 20 29 25 28 23
18 13
14 12 12 4 4 4 10 3 15 14 4 7 6 13 23 31 31 26
16 2
2 14 14 22 22 24 21 34 23 22 30 26 26 28 27 28
13 1
11 8 21 33 25 22 24 27 24 32 26 21 27
3 1
1 4 32
2 0
3 20
1 0
12
1 0
5
10 5
5 12 8 11 2 7 29 30 24 27
7 2
1 4 4 32 34 29 20
8 4
10 10 3 2 4 29 26 22
4 1
7 2 21 28
1 0
5
19 12
4 9 4 4 4 15 2 1 5 13 13 9 7 20 34 21 34 25 33
10 5
7 2 12 13 3 3 27 30 32 31
18 4
15 9 10 9 12 34 26 34 31 34 31 20 22 20 23 26 27 25
8 6
4 1 12 1 11 8 10 22
9 3
5 10 9 13 23 28 27 32 30
11 5
4 5 1 4 2 10 29 22 30 27 25
16 11
10 2 6 13 11 5 10 11 10 6 7 15 24 21 32 27
2 1
14 11
14 7
4 10 15 12 10 3 7 4 33 20 34 24 25 31
3 2
9 14 4
7 0
7 20 21 31 24 25 23
15 5
3 9 14 12 4 9 29 26 32 28 25 34 25 23 25
8 3
3 10 8 11 30 22 33 34
7 6
4 4 7 9 3 8 2
18 0
7 24 21 32 32 20 30 25 25 34 25 29 32 24 23 31 28 22
9 6
9 6 2 2 12 2 10 26 25
4 2
4 3 13 30
19 1
13 14 27 30 30 28 29 24 27 32 27 34 31 34 31 27 22 27 28
13 12
12 11 15 8 4 11 2 6 2 7 10 12 14
4 3
6 10 6 5
12 8
13 15 7 6 11 9 5 7 6 31 26 34
15 5
8 7 9 13 6 3 25 26 27 26 33 23 34 23 27
7 1
1 10 27 27 29 25 23
7 4
8 4 3 4 12 25 29
9 5
11 1 13 6 10 3 33 26 26
20 17
8 10 6 2 10 13 12 8 4 15 4 8 4 5 7 10 3 4 28 29
15 8
9 10 7 13 13 5 14 7 4 23 28 20 25 32 33
6 3
15 9 11 8 28 22
2 1
14 6
3 0
13 21 23
7 1
8 9 20 21 29 28 34
16 3
9 14 7 4 26 29 29 28 25 21 23 34 23 22 22 29
20 15
2 5 6 6 13 5 6 10 9 4 15 7 3 2 8 13 29 34 21 27
2 1
3 5
13 1
4 5 30 27 21 23 23 21 23 31 27 34 23
1 0
1
4 0
5 24 22 34
10 7
12 3 15 8 1 14 4 1 28 28
4 0
8 20 27 29
6 5
11 11 7 10 4 11
16 11
11 1 9 12 3 3 8 14 11 3 13 14 26 31 23 31
11 10
6 3 1 11 2 8 10 11 13 13 3
9 0
2 29 30 23 22 23 33 21 29
16 13
14 8 12 6 2 14 1 14 7 12 9 10 11 6 34 32
1 0
5
16 12
15 13 11 10 1 8 11 9 12 2 3 6 14 29 25 20
12 7
4 9 14 2 12 15 13 4 29 32 21 30
12 5
7 9 14 6 14 12 22 24 30 20 23 33
18 6
15 12 15 6 5 12 7 22 30 20 27 28 25 27 33 33 30 20
16 14
15 8 4 8 11 4 4 3 1 4 10 1 6 3 13 25
16 15
11 2 13 15 11 12 3 6 3 3 1 13 5 5 1 14
20 5
14 13 10 5 1 1 25 23 33 31 25 27 34 26 34 20 31 31 21 23
2 1
10 9
17 3
15 4 15 7 27 28 31 25 27 24 20 28 27 29 30 26 26
8 4
2 7 15 5 12 32 21 22
12 11
8 11 9 6 4 5 2 15 3 2 7 12
11 3
10 13 1 1 30 24 28 30 22 22 33
12 1
7 14 25 30 25 29 24 23 26 24 28 20
13 11
6 15 6 2 12 8 12 12 1 7 12 11 21
18 4
6 15 5 2 15 22 23 26 20 30 33 29 32 28 25 30 25 29
10 5
12 13 7 1 6 12 22 23 28 22
20 12
14 2 2 7 3 9 10 9 7 1 6 7 5 27 33 24 23 28 20 33
19 18
11 6 6 3 9 1 13 11 13 6 13 1 5 7 9 14 12 14 8
7 2
8 9 8 25 34 24 34
13 2
14 1 11 23 27 26 24 24 34 30 31 27 25
19 3
3 7 1 5 25 29 20 26 25 25 29 25 27 27 28 34 29 20 23
6 5
8 4 7 14 15 2
1 0
5
9 3
1 1 3 6 30 25 24 28 34
18 7
7 10 13 6 6 7 4 9 34 31 28 32 27 30 25 33 21 20
2 1
8 7
4 3
5 8 4 10
13 0
11 24 27 21 22 21 29 22 32 21 27 33 34
17 16
5 6 10 8 5 1 12 1 7 8 12 2 2 1 7 11 4
6 0
3 33 25 25 23 32
11 1
10 12 20 28 33 34 34 27 33 25 31
2 0
9 21
20 14
4 15 13 12 13 12 3 11 3 10 7 8 15 2 9 34 22 33 26 26
8 7
1 9 10 7 9 4 6 9
5 2
13 3 2 29 21
16 8
12 8 11 4 6 6 13 15 4 31 34 30 26 29 26 34
15 7
4 14 3 14 8 14 12 14 24 22 33 30 31 34 27
11 7
13 12 5 5 3 8 4 10 20 29 25
12 4
11 7 11 2 9 29 30 29 32 31 21 21
4 3
8 4 11 10
10 5
15 5 14 1 11 13 29 21 24 33
17 10
5 1 14 12 5 8 6 6 6 9 12 23 29 27 26 24 33
17 1
2 3 28 22 29 24 25 22 27 21 22 30 32 29 26 31 21
20 7
7 8 6 7 11 2 5 9 20 26 24 34 29 34 32 26 24 28 34 24
14 10
1 3 10 3 2 10 7 11 2 11 9 21 27 27
10 6
10 9 5 13 6 9 10 28 33 24
2 0
15 23
4 3
8 8 14 3
2 1
1 15
2 0
11 25
20 14
5 15 2 10 15 10 8 6 9 13 2 6 14 2 3 32 20 32 30 33
2 0
10 27
6 3
2 9 12 15 26 22
